train_pic/00000.png,774,411,815,446,11
train_pic/00001.png,983,388,1024,432,40
train_pic/00001.png,386,494,442,552,38
train_pic/00001.png,973,335,1031,390,13
train_pic/00002.png,892,476,1006,592,39
train_pic/00003.png,742,443,765,466,4
train_pic/00003.png,742,466,764,489,9
train_pic/00003.png,737,412,769,443,21
train_pic/00004.png,898,342,967,409,21
train_pic/00004.png,906,407,955,459,2                               c
train_pic/00005.png,1172,164,1284,278,9
train_pic/00006.png,926,350,989,414,2
train_pic/00007.png,825,406,864,445,9
train_pic/00008.png,785,460,811,486,2
train_pic/00008.png,779,424,816,461,12
train_pic/00009.png,925,466,949,490,4
train_pic/00010.png,1193,358,1269,436,12
train_pic/00011.png,720,338,770,398,1
train_pic/00011.png,710,265,780,342,21
train_pic/00012.png,979,364,1034,418,1
train_pic/00013.png,1043,281,1120,356,2
train_pic/00014.png,712,492,732,511,21
train_pic/00015.png,770,426,808,462,25
train_pic/00016.png,901,421,959,478,12
train_pic/00017.png,908,302,1031,408,30
train_pic/00017.png,575,495,598,515,11
train_pic/00018.png,950,455,981,486,4
train_pic/00019.png,838,366,896,422,12
train_pic/00019.png,845,423,888,465,2
train_pic/00020.png,825,428,862,463,23
train_pic/00021.png,825,388,877,437,27
train_pic/00022.png,667,472,692,497,27
train_pic/00023.png,998,292,1074,371,1
train_pic/00023.png,46,350,136,444,23
train_pic/00023.png,945,435,1006,492,23
train_pic/00024.png,112,463,143,492,13
train_pic/00025.png,731,422,772,459,13
train_pic/00025.png,734,463,767,497,40
train_pic/00026.png,453,411,492,451,1
train_pic/00027.png,969,386,1024,441,2
train_pic/00027.png,102,375,157,430,2
train_pic/00028.png,775,399,833,453,25
train_pic/00028.png,391,468,417,494,35
train_pic/00029.png,1091,393,1133,436,15
train_pic/00030.png,394,511,420,537,38
train_pic/00031.png,763,426,812,473,25
train_pic/00031.png,597,456,628,488,12
train_pic/00032.png,678,443,707,469,13
train_pic/00032.png,683,469,703,493,33
train_pic/00033.png,22,505,88,571,38
train_pic/00034.png,866,430,899,460,28
train_pic/00035.png,264,475,302,514,38
train_pic/00035.png,678,439,714,474,13
train_pic/00036.png,1133,393,1164,424,12
train_pic/00036.png,1138,424,1163,450,35
train_pic/00037.png,668,527,690,548,38
train_pic/00038.png,1120,444,1142,464,12
train_pic/00039.png,938,167,1022,251,12
train_pic/00039.png,953,252,1015,313,35
train_pic/00040.png,1040,310,1130,400,33
train_pic/00040.png,1017,202,1141,313,13
train_pic/00041.png,997,484,1031,517,38
train_pic/00042.png,916,300,995,374,18
train_pic/00043.png,1036,296,1097,357,12
train_pic/00043.png,1047,357,1092,402,36
train_pic/00043.png,110,444,143,480,35
train_pic/00044.png,752,403,782,433,12
train_pic/00045.png,178,504,240,597,38
train_pic/00046.png,1045,126,1166,247,12
train_pic/00047.png,553,462,579,488,26
train_pic/00048.png,780,443,811,474,40
train_pic/00048.png,771,405,815,443,13
train_pic/00048.png,341,523,380,562,38
train_pic/00049.png,993,397,1025,430,37
train_pic/00049.png,985,354,1028,397,12
train_pic/00050.png,946,373,967,400,34
train_pic/00050.png,941,339,972,372,13
train_pic/00051.png,968,218,1037,287,12
train_pic/00052.png,833,352,870,389,36
train_pic/00052.png,829,281,879,331,12
train_pic/00053.png,1156,333,1196,372,15
train_pic/00053.png,766,438,799,471,35
train_pic/00054.png,1113,436,1152,473,27
train_pic/00054.png,1117,473,1146,502,0
train_pic/00054.png,974,442,999,467,12
train_pic/00054.png,456,520,476,540,38
train_pic/00055.png,702,413,747,455,25
train_pic/00056.png,729,436,760,467,1
train_pic/00057.png,990,418,1036,467,1
train_pic/00058.png,786,394,824,435,12
train_pic/00059.png,793,400,854,461,12
train_pic/00060.png,296,508,323,535,38
train_pic/00060.png,819,441,842,464,2
train_pic/00061.png,1224,333,1285,394,2
train_pic/00062.png,826,469,848,492,12
train_pic/00063.png,815,499,837,521,9
train_pic/00064.png,786,447,808,470,2
train_pic/00065.png,973,377,1022,427,9
train_pic/00066.png,569,483,618,535,38
train_pic/00067.png,949,435,979,465,9
train_pic/00068.png,849,458,872,479,13
train_pic/00069.png,817,459,838,480,2
train_pic/00070.png,946,300,1026,373,23
train_pic/00071.png,788,437,828,473,24
train_pic/00071.png,794,474,822,502,1
train_pic/00071.png,794,503,821,529,9
train_pic/00072.png,836,456,858,478,4
train_pic/00073.png,723,431,752,457,23
train_pic/00073.png,727,457,748,477,2
train_pic/00073.png,727,476,749,497,9
train_pic/00073.png,425,428,456,455,23
train_pic/00073.png,430,453,452,475,2
train_pic/00073.png,432,475,452,495,9
train_pic/00074.png,383,527,421,569,38
train_pic/00074.png,439,401,488,452,14
train_pic/00074.png,929,378,981,431,14
train_pic/00075.png,1120,350,1187,409,23
train_pic/00075.png,1131,409,1179,456,4
train_pic/00076.png,784,440,819,472,21
train_pic/00076.png,789,471,815,495,2
train_pic/00077.png,951,348,1015,408,20
train_pic/00077.png,962,408,1011,455,9
train_pic/00078.png,1211,206,1319,305,29
train_pic/00078.png,800,462,821,483,13
train_pic/00079.png,762,459,792,489,11
train_pic/00080.png,829,381,880,432,9
train_pic/00081.png,966,228,1044,299,13
train_pic/00081.png,233,499,249,521,38
train_pic/00082.png,247,492,331,580,38
train_pic/00083.png,1054,208,1152,296,13
train_pic/00083.png,1071,297,1142,368,40
train_pic/00084.png,707,523,734,551,38
train_pic/00085.png,846,429,875,458,1
train_pic/00086.png,944,298,1007,361,12
train_pic/00087.png,912,435,946,470,6
train_pic/00087.png,306,421,340,456,6
train_pic/00088.png,956,464,982,490,10
train_pic/00088.png,410,464,436,490,10
train_pic/00088.png,412,440,436,464,8
train_pic/00088.png,956,440,981,464,8
train_pic/00089.png,1025,438,1054,468,5
train_pic/00089.png,634,447,660,474,5
train_pic/00090.png,966,428,1007,464,13
train_pic/00091.png,869,443,899,471,13
train_pic/00091.png,1056,377,1096,414,13
train_pic/00091.png,509,382,553,422,13
train_pic/00092.png,718,440,739,462,13
train_pic/00092.png,420,419,447,446,12
train_pic/00092.png,423,449,444,470,35
train_pic/00093.png,344,397,379,436,1
train_pic/00093.png,1076,339,1119,389,1
train_pic/00094.png,946,370,995,419,16
train_pic/00094.png,113,316,189,392,16
train_pic/00095.png,698,461,719,481,1
train_pic/00095.png,695,437,723,461,19
train_pic/00096.png,699,396,738,435,17
train_pic/00096.png,1140,420,1176,458,17
train_pic/00097.png,1125,338,1168,378,13
train_pic/00097.png,288,328,334,368,13
train_pic/00097.png,148,446,196,499,38
train_pic/00098.png,1206,244,1296,323,13
train_pic/00098.png,594,286,668,353,13
train_pic/00099.png,910,495,953,533,20
train_pic/00100.png,413,507,451,541,30
train_pic/00100.png,863,505,902,540,30
train_pic/00101.png,835,406,891,461,5
train_pic/00102.png,933,314,990,365,13
train_pic/00102.png,945,374,984,415,34
train_pic/00103.png,855,396,890,431,36
train_pic/00103.png,847,349,897,397,12
train_pic/00104.png,767,462,808,499,25
train_pic/00104.png,695,461,730,492,13
train_pic/00105.png,256,438,303,484,18
train_pic/00105.png,958,378,1024,440,26
train_pic/00106.png,902,369,985,443,25
train_pic/00107.png,486,485,540,537,25
train_pic/00107.png,490,536,529,576,1
train_pic/00109.png,990,484,1020,513,3
train_pic/00110.png,929,489,954,513,9
train_pic/00111.png,1091,465,1123,497,3
train_pic/00111.png,350,503,382,535,3
train_pic/00112.png,366,473,399,508,3
train_pic/00112.png,1186,475,1225,514,3
train_pic/00113.png,351,413,419,480,10
train_pic/00114.png,1169,421,1231,484,3
train_pic/00115.png,850,218,950,317,14
train_pic/00115.png,330,523,351,545,38
train_pic/00116.png,1078,254,1136,312,35
train_pic/00116.png,383,473,400,502,17
train_pic/00117.png,99,425,131,466,17
train_pic/00117.png,438,500,496,558,38
train_pic/00118.png,229,505,285,564,38
train_pic/00119.png,847,472,873,496,23
train_pic/00119.png,1082,393,1120,431,12
train_pic/00120.png,58,243,164,345,2
train_pic/00121.png,91,308,185,416,7
train_pic/00122.png,500,496,521,518,7
train_pic/00122.png,883,498,904,520,7
train_pic/00123.png,519,492,550,524,7
train_pic/00123.png,1101,483,1133,516,7
train_pic/00124.png,532,481,558,507,4
train_pic/00124.png,976,470,1002,496,4
train_pic/00125.png,1019,313,1106,401,2
train_pic/00126.png,840,374,868,404,2
train_pic/00126.png,379,365,411,396,2
train_pic/00127.png,138,385,175,423,5
train_pic/00127.png,1009,380,1046,417,5
train_pic/00128.png,1147,397,1180,431,12
train_pic/00129.png,962,379,1008,426,9
train_pic/00129.png,866,399,905,439,26
train_pic/00130.png,209,426,236,453,1
train_pic/00130.png,601,431,626,456,1
train_pic/00130.png,318,439,345,467,18
train_pic/00131.png,1010,430,1034,455,9
train_pic/00131.png,474,389,500,415,1
train_pic/00132.png,314,306,393,377,18
train_pic/00133.png,839,408,861,432,12
train_pic/00133.png,841,432,858,450,36
train_pic/00133.png,505,415,522,432,35
train_pic/00134.png,1008,299,1073,365,1
train_pic/00135.png,718,298,777,356,1
train_pic/00136.png,816,401,857,437,11
train_pic/00137.png,824,324,892,384,11
train_pic/00138.png,157,179,235,268,15
train_pic/00138.png,1302,399,1336,432,15
train_pic/00140.png,247,472,275,501,14
train_pic/00141.png,857,379,894,416,2
train_pic/00142.png,816,454,835,473,2
train_pic/00143.png,241,187,310,256,12
train_pic/00144.png,708,445,727,464,4
train_pic/00146.png,1205,122,1327,246,41
train_pic/00146.png,707,404,732,426,28
train_pic/00146.png,711,427,729,445,2
train_pic/00147.png,750,419,784,452,20
train_pic/00148.png,872,353,943,416,30
train_pic/00149.png,1131,274,1221,361,4
train_pic/00149.png,1110,158,1231,273,12
train_pic/00149.png,703,461,725,483,12
train_pic/00150.png,824,345,865,386,2
train_pic/00151.png,794,372,824,401,1
train_pic/00152.png,605,424,627,447,12
train_pic/00153.png,307,409,338,440,35
train_pic/00154.png,692,410,717,436,35
train_pic/00155.png,425,386,468,431,38
train_pic/00156.png,819,388,848,417,9
train_pic/00157.png,262,423,297,460,9
train_pic/00157.png,885,392,926,432,9
train_pic/00157.png,650,505,671,526,38
train_pic/00158.png,907,414,933,440,41
train_pic/00159.png,974,443,1031,506,39
train_pic/00159.png,713,476,740,503,39
train_pic/00159.png,86,473,117,504,38
train_pic/00159.png,890,466,917,505,38
train_pic/00160.png,610,388,653,428,25
train_pic/00161.png,717,445,735,462,34
train_pic/00162.png,244,430,262,448,17
train_pic/00162.png,713,433,732,452,17
train_pic/00162.png,544,444,562,462,17
train_pic/00163.png,753,473,825,545,38
train_pic/00164.png,874,375,918,416,26
train_pic/00165.png,382,412,399,431,1
train_pic/00165.png,689,292,745,340,11
train_pic/00166.png,814,382,848,416,1
train_pic/00167.png,369,446,392,469,2
train_pic/00167.png,729,433,750,455,2
train_pic/00168.png,693,419,719,442,18
train_pic/00169.png,1089,153,1212,276,2
train_pic/00170.png,912,322,944,358,4
train_pic/00171.png,882,335,932,385,4
train_pic/00171.png,883,385,932,433,9
train_pic/00172.png,712,471,740,495,25
train_pic/00172.png,718,418,737,437,1
train_pic/00173.png,1111,279,1161,329,1
train_pic/00174.png,718,413,753,444,28
train_pic/00174.png,723,443,747,467,2
train_pic/00174.png,801,302,860,364,12
train_pic/00175.png,893,341,944,396,9
train_pic/00176.png,850,414,875,440,2
train_pic/00177.png,271,416,313,458,14
train_pic/00177.png,746,423,785,462,14
train_pic/00177.png,502,451,519,468,38
train_pic/00177.png,1271,402,1308,437,13
train_pic/00178.png,728,456,748,476,2
train_pic/00179.png,686,421,707,440,12
train_pic/00180.png,968,384,1004,421,2
train_pic/00181.png,793,299,853,359,4
train_pic/00182.png,656,412,685,441,2
train_pic/00182.png,658,385,686,414,41
train_pic/00183.png,766,369,806,406,19
train_pic/00184.png,790,273,850,334,1
train_pic/00185.png,967,150,1076,257,2
train_pic/00186.png,603,455,621,474,4
train_pic/00186.png,325,428,345,448,4
train_pic/00186.png,602,433,625,456,12
train_pic/00187.png,675,405,709,439,2
train_pic/00187.png,161,393,194,428,2
train_pic/00188.png,705,379,752,422,11
train_pic/00189.png,853,339,917,394,18
train_pic/00190.png,670,400,689,421,35
train_pic/00191.png,693,406,728,439,11
train_pic/00192.png,492,414,516,437,17
train_pic/00192.png,314,440,334,461,1
train_pic/00192.png,662,262,738,339,12
train_pic/00193.png,727,224,834,331,14
train_pic/00194.png,718,306,787,369,28
train_pic/00195.png,1040,155,1161,268,11
train_pic/00195.png,784,398,820,430,18
train_pic/00196.png,726,316,787,370,13
train_pic/00196.png,734,370,778,416,33
train_pic/00196.png,534,471,558,496,38
train_pic/00197.png,867,278,956,361,11
train_pic/00198.png,681,438,699,456,36
train_pic/00198.png,678,412,702,435,14
train_pic/00199.png,826,322,882,374,11
train_pic/00200.png,840,287,915,364,14
train_pic/00200.png,849,364,901,416,34
train_pic/00200.png,648,410,670,433,17
train_pic/00200.png,257,403,281,428,17
train_pic/00201.png,762,352,812,397,13
train_pic/00202.png,657,319,702,365,14
train_pic/00202.png,56,315,104,363,14
train_pic/00203.png,758,375,784,400,0
train_pic/00204.png,858,151,946,242,1
train_pic/00204.png,730,260,783,316,34
train_pic/00205.png,1202,332,1326,449,25
train_pic/00206.png,61,105,135,178,34
train_pic/00206.png,1159,197,1224,261,33
train_pic/00206.png,827,471,847,493,38
train_pic/00206.png,55,8,164,103,13
train_pic/00206.png,1144,118,1235,196,13
train_pic/00207.png,870,313,942,378,25
train_pic/00208.png,638,239,732,319,18
train_pic/00209.png,1110,287,1170,348,33
train_pic/00209.png,1097,210,1184,287,13
train_pic/00210.png,1017,418,1038,443,35
train_pic/00210.png,1011,385,1043,418,12
train_pic/00211.png,667,410,705,445,11
train_pic/00212.png,293,427,315,450,34
train_pic/00212.png,721,381,749,408,12
train_pic/00212.png,756,402,782,430,33
train_pic/00214.png,1185,130,1295,236,14
train_pic/00214.png,1214,241,1288,312,33
train_pic/00215.png,784,480,804,500,39
train_pic/00216.png,312,442,337,467,5
train_pic/00216.png,886,446,911,472,5
train_pic/00217.png,971,267,1031,328,1
train_pic/00218.png,808,437,827,456,33
train_pic/00219.png,1080,270,1155,340,13
train_pic/00219.png,1089,345,1144,401,33
train_pic/00220.png,1127,285,1168,326,1
train_pic/00221.png,988,420,1042,470,26
train_pic/00222.png,985,354,1022,390,1
train_pic/00223.png,816,334,858,374,1
train_pic/00224.png,932,188,1024,278,28
train_pic/00224.png,923,276,977,341,1
train_pic/00224.png,977,263,1042,333,9
train_pic/00225.png,856,268,924,334,1
train_pic/00226.png,1152,224,1220,290,1
train_pic/00227.png,1228,259,1306,329,18
train_pic/00228.png,937,295,998,356,1
train_pic/00229.png,1282,339,1332,383,28
train_pic/00229.png,1273,384,1305,417,1
train_pic/00229.png,1305,382,1341,414,9
train_pic/00230.png,974,398,1002,426,1
train_pic/00230.png,968,426,1007,463,28
train_pic/00231.png,1146,362,1183,399,1
train_pic/00232.png,589,495,617,524,38
train_pic/00232.png,868,379,910,419,13
train_pic/00232.png,297,420,340,459,13
train_pic/00233.png,325,485,358,517,38
train_pic/00234.png,1051,275,1115,338,1
train_pic/00236.png,1081,274,1199,402,14
train_pic/00237.png,822,361,854,393,14
train_pic/00237.png,290,389,323,422,14
train_pic/00238.png,842,400,881,435,18
train_pic/00238.png,849,443,877,471,1
train_pic/00239.png,788,411,814,436,18
train_pic/00239.png,792,439,812,458,1
train_pic/00239.png,827,412,855,441,12
train_pic/00240.png,847,364,879,396,1
train_pic/00241.png,838,400,880,442,2
train_pic/00242.png,848,388,870,413,15
train_pic/00242.png,1195,267,1302,366,13
train_pic/00243.png,843,447,867,470,2
train_pic/00244.png,491,390,530,429,10
train_pic/00244.png,1238,349,1282,394,10
train_pic/00245.png,477,442,499,464,10
train_pic/00245.png,851,438,874,461,10
train_pic/00246.png,311,381,354,425,10
train_pic/00246.png,1091,354,1134,396,10
train_pic/00247.png,471,453,492,474,5
train_pic/00247.png,856,448,877,469,5
train_pic/00248.png,204,452,229,479,5
train_pic/00248.png,843,429,870,456,5
train_pic/00249.png,1212,419,1244,452,2
train_pic/00250.png,100,423,168,495,38
train_pic/00250.png,907,446,932,471,2
train_pic/00251.png,116,425,208,520,38
train_pic/00252.png,915,389,960,434,9
train_pic/00252.png,910,326,956,372,1
train_pic/00253.png,1186,134,1301,244,9
train_pic/00254.png,1172,270,1237,336,2
train_pic/00254.png,1264,368,1295,398,23
train_pic/00255.png,183,503,260,581,38
train_pic/00256.png,1105,42,1232,153,18
train_pic/00257.png,1237,334,1295,387,25
train_pic/00257.png,1079,388,1119,423,25
train_pic/00258.png,745,469,777,501,11
train_pic/00258.png,346,490,381,522,11
train_pic/00259.png,1202,329,1247,374,1
train_pic/00260.png,720,266,784,330,0
train_pic/00261.png,1150,250,1208,311,35
train_pic/00262.png,894,282,953,341,36
train_pic/00262.png,1042,37,1146,139,12
train_pic/00263.png,646,417,666,437,2
train_pic/00264.png,964,412,988,435,4
train_pic/00264.png,965,435,988,458,9
train_pic/00264.png,509,466,531,488,9
train_pic/00265.png,800,426,831,456,24
train_pic/00265.png,783,446,804,464,18
train_pic/00265.png,805,458,827,480,1
train_pic/00266.png,242,450,293,501,18
train_pic/00267.png,834,380,856,402,36
train_pic/00267.png,859,387,886,414,12
train_pic/00268.png,891,396,917,422,2
train_pic/00269.png,966,430,990,454,9
train_pic/00270.png,1238,331,1291,385,41
train_pic/00270.png,243,335,293,386,2
train_pic/00270.png,1237,279,1291,332,2
train_pic/00271.png,259,369,297,408,2
train_pic/00271.png,1090,341,1130,381,2
train_pic/00272.png,1223,315,1297,385,18
train_pic/00272.png,310,398,377,461,18
train_pic/00273.png,1080,286,1145,343,29
train_pic/00274.png,975,395,1011,430,0
train_pic/00275.png,1196,342,1237,384,33
train_pic/00275.png,206,410,238,445,33
train_pic/00276.png,798,346,845,388,29
train_pic/00276.png,109,464,153,517,38
train_pic/00277.png,1048,399,1071,422,16
train_pic/00278.png,922,389,951,419,40
train_pic/00278.png,915,354,955,390,13
train_pic/00279.png,617,484,673,540,38
train_pic/00280.png,1054,392,1083,422,2
train_pic/00280.png,1131,357,1182,408,12
train_pic/00281.png,982,363,1016,393,31
train_pic/00281.png,984,392,1017,425,2
train_pic/00282.png,869,414,901,444,29
train_pic/00283.png,1177,114,1284,219,4
train_pic/00284.png,980,269,1059,347,12
train_pic/00284.png,993,347,1051,404,2
train_pic/00285.png,1091,304,1146,359,14
train_pic/00286.png,1015,360,1044,389,14
train_pic/00287.png,1113,370,1154,411,2
train_pic/00288.png,413,456,436,479,5
train_pic/00288.png,983,438,1006,462,5
train_pic/00289.png,285,401,326,444,6
train_pic/00289.png,1282,379,1326,424,6
train_pic/00290.png,1294,391,1326,428,5
train_pic/00291.png,1129,384,1165,422,3
train_pic/00292.png,982,422,1011,451,8
train_pic/00292.png,315,447,345,476,8
train_pic/00293.png,28,410,70,456,7
train_pic/00293.png,1143,365,1193,415,7
train_pic/00294.png,101,405,153,453,22
train_pic/00294.png,1173,326,1231,381,22
train_pic/00295.png,1227,364,1272,411,6
train_pic/00295.png,98,417,142,463,6
train_pic/00296.png,460,409,492,442,7
train_pic/00296.png,1237,385,1269,417,7
train_pic/00297.png,1015,444,1042,468,26
train_pic/00297.png,593,443,620,466,26
train_pic/00298.png,1220,168,1327,264,22
train_pic/00298.png,1238,256,1314,331,2
train_pic/00298.png,69,445,107,475,11
train_pic/00299.png,1245,247,1304,306,42
train_pic/00300.png,680,430,710,458,25
train_pic/00300.png,779,420,801,443,2
train_pic/00301.png,1062,260,1131,324,22
train_pic/00301.png,1075,318,1125,368,2
train_pic/00302.png,1123,333,1163,373,42
train_pic/00303.png,1186,385,1215,414,2
train_pic/00304.png,504,385,553,434,35
train_pic/00305.png,765,368,827,422,11
train_pic/00305.png,549,348,597,393,18
train_pic/00306.png,1047,420,1084,455,20
train_pic/00306.png,353,471,389,505,20
train_pic/00307.png,457,474,488,505,17
train_pic/00307.png,795,454,827,487,17
train_pic/00307.png,892,417,934,457,22
train_pic/00307.png,829,453,862,486,38
train_pic/00309.png,180,388,220,431,7
train_pic/00309.png,1159,353,1203,398,7
train_pic/00310.png,285,426,317,459,42
train_pic/00310.png,1150,390,1188,427,42
train_pic/00311.png,616,424,650,458,8
train_pic/00311.png,1295,391,1329,425,8
train_pic/00312.png,122,267,225,379,5
train_pic/00312.png,1226,411,1249,433,22
train_pic/00312.png,677,434,699,453,22
train_pic/00313.png,369,414,424,470,6
train_pic/00314.png,1213,398,1247,434,5
train_pic/00314.png,396,451,429,485,5
train_pic/00315.png,1267,373,1310,419,6
train_pic/00315.png,172,414,213,462,6
train_pic/00316.png,693,413,719,437,20
train_pic/00316.png,696,436,719,458,3
train_pic/00316.png,994,395,1022,420,20
train_pic/00316.png,995,421,1020,445,3
train_pic/00317.png,1122,378,1166,421,32
train_pic/00318.png,631,451,657,477,15
train_pic/00318.png,779,481,800,502,38
train_pic/00319.png,1201,403,1248,450,3
train_pic/00319.png,569,436,612,481,3
train_pic/00320.png,175,438,202,466,32
train_pic/00320.png,921,403,951,434,32
train_pic/00322.png,1166,327,1209,370,5
train_pic/00322.png,338,406,381,449,5
train_pic/00323.png,398,437,425,464,10
train_pic/00323.png,854,438,881,466,10
train_pic/00330.png,1050,313,1116,381,2
train_pic/00333.png,116,414,176,477,14
train_pic/00333.png,753,387,808,445,14
train_pic/00334.png,323,452,369,498,15
train_pic/00334.png,760,435,797,472,2
train_pic/00337.png,901,408,932,438,12
train_pic/00338.png,504,397,538,427,26
train_pic/00338.png,505,425,536,453,2
train_pic/00338.png,998,397,1031,426,26
train_pic/00338.png,1000,426,1029,453,2
train_pic/00339.png,627,442,660,476,1
train_pic/00339.png,969,414,1021,463,12
train_pic/00340.png,827,543,851,567,14
train_pic/00340.png,827,521,852,546,33
train_pic/00340.png,827,543,851,567,14
train_pic/00341.png,923,465,997,533,13
train_pic/00343.png,802,531,829,558,15
train_pic/00343.png,483,507,512,536,15
train_pic/00344.png,799,413,879,494,12
train_pic/00346.png,291,541,321,571,5
train_pic/00346.png,883,542,911,570,5
train_pic/00347.png,913,545,970,597,30
train_pic/00348.png,952,524,990,562,5
train_pic/00349.png,53,455,114,514,10
train_pic/00349.png,1244,465,1312,534,10
train_pic/00350.png,475,543,508,576,10
train_pic/00350.png,1092,542,1125,573,10
train_pic/00351.png,511,533,538,560,5
train_pic/00352.png,969,549,996,576,6
train_pic/00352.png,528,553,555,580,6
train_pic/00353.png,836,554,860,578,10
train_pic/00353.png,456,559,477,581,10
train_pic/00355.png,474,537,507,570,10
train_pic/00356.png,946,520,1004,573,30
train_pic/00356.png,249,499,310,555,30
train_pic/00357.png,1095,524,1130,560,10
train_pic/00357.png,463,528,500,565,10
train_pic/00358.png,316,490,374,549,8
train_pic/00359.png,879,559,903,583,8
train_pic/00359.png,467,560,492,585,8
train_pic/00360.png,1032,484,1076,528,8
train_pic/00360.png,253,502,296,545,8
train_pic/00362.png,252,470,370,574,30
train_pic/00363.png,407,483,450,526,8
train_pic/00363.png,409,525,453,568,10
train_pic/00366.png,517,530,540,553,8
train_pic/00366.png,518,553,541,576,10
train_pic/00366.png,988,550,1014,573,8
train_pic/00366.png,988,574,1015,597,10
train_pic/00367.png,1028,501,1068,541,8
train_pic/00367.png,1028,542,1071,583,10
train_pic/00367.png,230,488,274,530,8
train_pic/00367.png,235,533,276,573,10
train_pic/00368.png,382,460,431,510,8
train_pic/00368.png,378,509,431,561,10
train_pic/00369.png,521,544,542,564,8
train_pic/00369.png,520,564,543,585,10
train_pic/00369.png,874,532,895,551,8
train_pic/00369.png,875,550,896,571,10
train_pic/00370.png,880,536,904,559,8
train_pic/00370.png,880,558,907,584,10
train_pic/00370.png,440,531,467,554,8
train_pic/00370.png,442,553,468,578,10
train_pic/00371.png,316,521,372,577,5
train_pic/00372.png,974,486,1017,529,4
train_pic/00373.png,164,517,195,548,4
train_pic/00373.png,819,511,853,545,4
train_pic/00374.png,999,527,1031,560,13
train_pic/00374.png,671,563,696,589,12
train_pic/00375.png,1229,521,1255,545,13
train_pic/00376.png,266,487,309,530,6
train_pic/00376.png,989,510,1031,552,6
train_pic/00377.png,1133,504,1172,543,8
train_pic/00377.png,239,490,278,531,8
train_pic/00377.png,1133,543,1172,582,10
train_pic/00377.png,236,532,277,573,10
train_pic/00378.png,23,362,142,480,10
train_pic/00378.png,22,242,145,362,8
train_pic/00379.png,186,458,232,504,8
train_pic/00379.png,1064,488,1112,536,10
train_pic/00379.png,185,503,232,550,10
train_pic/00379.png,1062,442,1109,489,8
train_pic/00380.png,551,559,575,583,10
train_pic/00380.png,953,564,976,587,10
train_pic/00380.png,952,540,975,563,8
train_pic/00380.png,551,535,575,559,8
train_pic/00382.png,445,490,485,530,8
train_pic/00382.png,446,529,485,568,10
train_pic/00382.png,1209,496,1248,535,8
train_pic/00382.png,1211,533,1250,572,10
train_pic/00383.png,527,546,561,575,30
train_pic/00383.png,988,542,1021,571,30
train_pic/00384.png,1199,416,1263,480,8
train_pic/00384.png,1202,479,1267,544,10
train_pic/00385.png,977,529,1016,568,8
train_pic/00385.png,267,531,307,571,8
train_pic/00386.png,555,561,580,586,10
train_pic/00386.png,977,550,1000,573,10
train_pic/00387.png,411,499,477,563,30
train_pic/00387.png,1185,484,1251,547,30
train_pic/00388.png,1274,497,1346,561,13
train_pic/00390.png,455,502,503,550,8
train_pic/00390.png,1219,494,1265,541,8
train_pic/00391.png,1260,502,1304,551,6
train_pic/00391.png,198,508,247,558,6
train_pic/00392.png,358,443,423,512,7
train_pic/00393.png,278,484,373,571,23
train_pic/00395.png,201,519,241,561,6
train_pic/00395.png,903,519,938,555,6
train_pic/00396.png,192,484,238,531,7
train_pic/00396.png,998,468,1046,516,7
train_pic/00397.png,949,559,983,593,10
train_pic/00397.png,947,524,982,559,4
train_pic/00398.png,769,517,796,540,26
train_pic/00398.png,771,538,795,560,4
train_pic/00398.png,772,558,796,582,10
train_pic/00400.png,1236,480,1290,528,26
train_pic/00401.png,420,496,461,537,4
train_pic/00401.png,1122,497,1163,538,4
train_pic/00402.png,1094,500,1132,538,42
train_pic/00403.png,568,563,591,587,42
train_pic/00403.png,940,558,966,584,42
train_pic/00403.png,568,540,592,564,4
train_pic/00403.png,939,532,965,559,4
train_pic/00404.png,335,415,396,476,4
train_pic/00404.png,1255,415,1312,472,4
train_pic/00405.png,1255,470,1309,525,4
train_pic/00405.png,355,444,411,499,4
train_pic/00405.png,1249,397,1317,470,12
train_pic/00406.png,520,554,551,581,18
train_pic/00406.png,852,544,879,570,18
train_pic/00406.png,1046,503,1097,551,30
train_pic/00406.png,284,514,333,559,30
train_pic/00408.png,128,463,212,539,18
train_pic/00408.png,1132,479,1210,549,18
train_pic/00410.png,367,615,423,671,38
train_pic/00411.png,185,602,238,662,38
train_pic/00411.png,110,557,139,588,17
train_pic/00411.png,496,552,529,587,17
train_pic/00412.png,1002,499,1047,545,7
train_pic/00413.png,1038,480,1084,529,3
train_pic/00414.png,1032,421,1078,468,3
train_pic/00415.png,827,549,849,571,9
train_pic/00416.png,813,505,851,543,3
train_pic/00417.png,29,448,129,539,18
train_pic/00418.png,455,537,488,566,22
train_pic/00418.png,460,563,482,585,8
train_pic/00419.png,979,489,1025,537,7
train_pic/00420.png,828,542,851,565,3
train_pic/00420.png,361,548,383,570,3
train_pic/00421.png,946,554,976,581,13
train_pic/00422.png,599,567,624,591,23
train_pic/00423.png,365,469,451,547,25
train_pic/00423.png,1151,445,1245,533,25
train_pic/00425.png,302,503,342,543,5
train_pic/00425.png,900,500,941,541,5
train_pic/00425.png,302,543,342,583,10
train_pic/00425.png,903,541,944,582,10
train_pic/00426.png,1077,391,1197,502,25
train_pic/00427.png,294,383,388,479,5
train_pic/00428.png,325,548,353,576,7
train_pic/00428.png,937,543,966,572,7
train_pic/00430.png,929,414,1008,488,13
train_pic/00431.png,275,527,314,564,8
train_pic/00431.png,1141,496,1179,536,8
train_pic/00432.png,237,560,263,586,8
train_pic/00432.png,942,512,970,540,8
train_pic/00433.png,510,529,566,583,25
train_pic/00434.png,167,194,257,286,5
train_pic/00435.png,834,535,862,564,9
train_pic/00436.png,794,531,816,553,5
train_pic/00438.png,533,559,554,580,41
train_pic/00438.png,841,556,862,577,41
train_pic/00439.png,1194,504,1251,564,8
train_pic/00440.png,1243,492,1324,562,23
train_pic/00441.png,1063,531,1112,580,8
train_pic/00443.png,817,550,847,578,18
train_pic/00443.png,823,579,843,598,8
train_pic/00443.png,470,551,502,578,18
train_pic/00443.png,477,578,497,596,8
train_pic/00444.png,379,528,427,573,20
train_pic/00444.png,964,531,1009,573,20
train_pic/00444.png,389,569,419,600,7
train_pic/00444.png,972,572,1001,601,7
train_pic/00445.png,1021,498,1066,544,5
train_pic/00445.png,213,519,254,561,5
train_pic/00446.png,401,507,441,544,17
train_pic/00446.png,767,497,803,530,17
train_pic/00446.png,774,568,807,601,38
train_pic/00447.png,1182,418,1268,495,13
train_pic/00448.png,581,598,602,620,38
train_pic/00449.png,212,468,254,507,13
train_pic/00449.png,812,448,853,486,13
train_pic/00450.png,1104,359,1181,429,11
train_pic/00451.png,790,558,819,585,11
train_pic/00452.png,876,543,914,578,25
train_pic/00453.png,1215,332,1302,407,28
train_pic/00453.png,895,497,922,524,11
train_pic/00453.png,224,407,279,457,28
train_pic/00455.png,1094,362,1184,442,11
train_pic/00456.png,421,414,476,470,3
train_pic/00457.png,1243,418,1301,475,2
train_pic/00457.png,517,466,554,504,2
train_pic/00458.png,989,493,1018,525,12
train_pic/00459.png,877,515,912,548,25
train_pic/00459.png,884,548,909,573,1
train_pic/00460.png,829,456,859,484,12
train_pic/00460.png,831,481,862,512,33
train_pic/00461.png,1231,264,1302,331,12
train_pic/00463.png,555,628,585,659,38
train_pic/00465.png,1241,315,1331,395,13
train_pic/00466.png,1215,399,1267,443,13
train_pic/00466.png,514,468,548,497,13
train_pic/00466.png,1226,440,1263,475,35
train_pic/00466.png,519,494,543,518,34
train_pic/00467.png,1132,501,1168,537,3
train_pic/00468.png,1128,506,1165,544,3
train_pic/00470.png,823,489,847,513,1
train_pic/00470.png,904,514,938,549,13
train_pic/00470.png,1135,218,1248,331,12
train_pic/00471.png,789,491,817,520,12
train_pic/00472.png,880,500,925,544,12
train_pic/00473.png,507,532,540,565,10
train_pic/00473.png,1152,506,1184,538,10
train_pic/00474.png,1242,549,1274,581,7
train_pic/00474.png,514,569,545,600,7
train_pic/00475.png,1233,468,1310,543,7
train_pic/00476.png,163,518,199,555,7
train_pic/00476.png,1152,523,1187,558,7
train_pic/00477.png,298,506,338,546,5
train_pic/00478.png,921,470,963,512,5
train_pic/00478.png,218,483,258,523,5
train_pic/00479.png,982,498,1025,539,13
train_pic/00479.png,990,539,1020,569,40
train_pic/00480.png,1055,444,1103,492,2
train_pic/00481.png,908,502,944,535,18
train_pic/00482.png,732,526,768,564,12
train_pic/00482.png,260,528,296,570,17
train_pic/00482.png,283,564,303,590,17
train_pic/00482.png,1055,566,1071,587,13 
train_pic/00483.png,150,510,203,563,7
train_pic/00483.png,1182,531,1232,583,7
train_pic/00484.png,339,509,372,542,16
train_pic/00484.png,1002,529,1035,563,16
train_pic/00485.png,203,377,278,454,16
train_pic/00486.png,410,519,465,574,7
train_pic/00487.png,625,606,644,625,38
train_pic/00488.png,494,611,516,633,38
train_pic/00490.png,842,516,870,539,13
train_pic/00490.png,644,596,668,620,38
train_pic/00490.png,847,536,867,556,40
train_pic/00491.png,430,568,488,637,38
train_pic/00492.png,893,528,923,557,11
train_pic/00493.png,910,450,966,501,18
train_pic/00494.png,1113,300,1211,395,1
train_pic/00496.png,511,494,552,536,8
train_pic/00496.png,509,535,550,576,10
train_pic/00497.png,392,611,425,651,38
train_pic/00498.png,249,586,298,634,38
train_pic/00498.png,248,482,292,526,17
train_pic/00499.png,1009,497,1056,539,13
train_pic/00500.png,952,499,1000,546,5
train_pic/00501.png,943,557,962,577,4
train_pic/00501.png,610,558,628,577,4
train_pic/00501.png,120,282,227,386,17
train_pic/00501.png,107,637,216,748,38
train_pic/00502.png,57,556,85,584,17
train_pic/00502.png,579,555,606,582,17
train_pic/00502.png,558,577,592,611,38
train_pic/00503.png,354,579,423,650,38
train_pic/00504.png,379,595,410,627,38
train_pic/00505.png,1052,480,1092,521,12
train_pic/00507.png,878,473,933,524,11
train_pic/00507.png,657,587,673,605,38
train_pic/00508.png,865,495,908,534,11
train_pic/00509.png,833,487,877,527,11
train_pic/00512.png,230,486,270,522,5
train_pic/00512.png,1139,490,1179,530,5
train_pic/00513.png,142,501,197,556,7
train_pic/00514.png,381,511,418,548,10
train_pic/00514.png,1168,491,1206,530,10
train_pic/00515.png,257,361,333,435,3
train_pic/00516.png,240,275,298,333,34
train_pic/00517.png,271,422,345,496,10
train_pic/00518.png,451,526,499,574,7
train_pic/00519.png,454,531,507,584,7
train_pic/00520.png,380,507,436,565,10
train_pic/00521.png,377,574,405,604,7
train_pic/00521.png,946,565,976,595,7
train_pic/00523.png,1285,512,1330,555,10
train_pic/00523.png,455,515,502,562,10
train_pic/00524.png,187,530,241,584,7
train_pic/00524.png,1219,528,1271,580,7
train_pic/00527.png,874,426,904,456,10
train_pic/00527.png,359,420,389,450,10
train_pic/00528.png,985,339,1026,380,7
train_pic/00528.png,166,415,205,455,7
train_pic/00530.png,425,401,460,435,10
train_pic/00530.png,1010,401,1043,434,10
train_pic/00531.png,484,443,504,463,10
train_pic/00531.png,909,431,931,453,10
train_pic/00536.png,27,428,57,458,17
train_pic/00536.png,327,452,353,478,17
train_pic/00536.png,724,479,740,495,38
train_pic/00542.png,842,440,866,464,12
train_pic/00544.png,1054,297,1122,358,11
train_pic/00544.png,990,425,1028,459,25
train_pic/00544.png,744,438,762,458,1
train_pic/00545.png,213,435,247,474,15
train_pic/00548.png,775,432,811,468,14
train_pic/00548.png,782,469,807,494,36
train_pic/00551.png,937,465,966,493,16
train_pic/00552.png,537,512,554,529,8
train_pic/00552.png,538,528,554,544,10
train_pic/00552.png,814,508,832,526,8
train_pic/00552.png,815,525,831,541,10
train_pic/00554.png,947,472,984,507,18
train_pic/00556.png,1195,499,1253,557,38
train_pic/00557.png,273,462,317,502,23
train_pic/00557.png,458,461,506,508,13
train_pic/00560.png,1039,173,1099,233,3
train_pic/00564.png,755,368,799,408,11
train_pic/00565.png,731,336,764,370,12
train_pic/00566.png,655,395,689,429,9
train_pic/00566.png,124,419,156,451,9
train_pic/00566.png,461,489,481,508,38
train_pic/00567.png,1050,409,1109,460,22
train_pic/00570.png,881,416,914,449,9
train_pic/00571.png,1287,361,1308,384,17
train_pic/00575.png,403,474,435,506,38
train_pic/00593.png,584,510,608,534,38
train_pic/00599.png,700,454,722,476,9
train_pic/IMG_4095.JPG,92,99,152,163,40
train_pic/IMG_4095.JPG,205,244,245,282,25
train_pic/IMG_4096.JPG,4,84,71,157,40
train_pic/IMG_4096.JPG,106,236,145,274,25
train_pic/IMG_4097.JPG,172,90,241,162,25
train_pic/IMG_4098.JPG,130,123,195,189,40
train_pic/IMG_4099.JPG,86,4,155,81,40
train_pic/IMG_4099.JPG,200,164,238,196,25
train_pic/IMG_4100.JPG,87,122,148,189,40
train_pic/IMG_4100.JPG,193,282,230,318,25
train_pic/IMG_4101.JPG,150,103,214,169,40
train_pic/IMG_4102.JPG,119,88,183,153,40
train_pic/IMG_4103.JPG,47,92,114,157,40
train_pic/IMG_4103.JPG,161,237,196,272,25
train_pic/IMG_4104.JPG,22,143,89,208,40
train_pic/IMG_4104.JPG,131,295,168,327,25
train_pic/IMG_4105.JPG,87,93,159,164,40
train_pic/IMG_4105.JPG,214,290,241,327,25
train_pic/IMG_4106.JPG,84,145,165,223,40
train_pic/IMG_4107.JPG,93,79,169,150,33
train_pic/IMG_4107.JPG,93,153,167,221,17
train_pic/IMG_4108.JPG,88,176,163,249,33
train_pic/IMG_4108.JPG,90,255,170,327,17
train_pic/IMG_4109.JPG,100,33,175,111,33
train_pic/IMG_4109.JPG,101,113,166,181,17
train_pic/IMG_4110.JPG,148,45,223,121,33
train_pic/IMG_4110.JPG,147,124,216,192,17
train_pic/IMG_4111.JPG,15,64,88,136,33
train_pic/IMG_4111.JPG,14,139,87,209,17
train_pic/IMG_4112.JPG,93,66,159,136,33
train_pic/IMG_4112.JPG,91,140,158,208,17
train_pic/IMG_4113.JPG,94,112,162,179,33
train_pic/IMG_4113.JPG,93,183,166,251,17
train_pic/IMG_4114.JPG,99,31,167,106,33
train_pic/IMG_4114.JPG,95,111,166,176,17
train_pic/IMG_4115.JPG,165,4,243,85,33
train_pic/IMG_4115.JPG,159,87,235,164,17
train_pic/IMG_4116.JPG,24,17,97,96,33
train_pic/IMG_4116.JPG,23,101,98,169,17
train_pic/IMG_4117.JPG,93,21,160,95,33
train_pic/IMG_4117.JPG,90,100,157,166,17